Config:
Q: [80.0, 80.0, 6.0, 4.0]
R: [1.0, 4.0]
Qe: [150.0, 150.0, 30.0, 12.0]

d215_map:
    waypoints_ref_xy: [
      -3.40, -0.10,
      -3.89, 0.11,
      -4.10, 0.6,
      -3.89, 1.09,
      -3.40, 1.30,
      -2.91, 1.09,
      -2.70, 0.60,
      -2.91, 0.11,
      -3.40, -0.10
    ]
    
    segment_times_ref: [
      3.0, 3.0, 3.0, 3.0,
      3.0, 3.0, 3.0, 3.0
    ]


Esynov map:
waypoints_ref_xy: [
  -2.1, 0.7,
  -2.6, 0.9,
  -3.0, 1.4,
  -3.0, 2.0,
  -2.6, 2.5,
  -2.1, 2.7,
  -1.5, 2.5,
  -1.1, 2.0,
  -1.1, 1.4,
  -1.5, 0.9,
  -2.1, 0.7
]

segment_times_ref: [
  2.0, 2.0, 2.0, 2.0, 2.0,
  2.0, 2.0, 2.0, 2.0, 2.0
]

#NMPC Only:
segment_times_ref: [
  1.0, 1.0, 1.0, 1.0, 1.0
  1.0, 1.0, 1.0, 2.0, 2.0
]


8 Shape Trajectory:
waypoints_ref_xy: [
  -1.4, 1.7,
  -1.6, 1.3,
  -2.0, 1.1,
  -2.4, 1.3,
  -2.6, 1.7,
  -2.4, 2.1,
  -2.0, 2.3,
  -1.6, 2.1,
  -1.4, 1.7,

  -1.2, 1.3,
  -0.8, 1.1,
  -0.4, 1.3,
  -0.2, 1.7,
  -0.4, 2.1,
  -0.8, 2.3,
  -1.2, 2.1,
  -1.4, 1.7
]

segment_times_ref: [
  1.0, 1.0, 1.0, 1.0,
  1.0, 1.0, 1.0, 1.0,

  1.0, 1.0, 1.0, 1.0,
  1.0, 1.0, 1.0, 1.0
]